# data file from generate.cpp
wavelengths,spectrum
800.0000000000,0.9078433324
800.1000000000,0.9062112752
800.2000000000,0.9045931088
800.3000000000,0.9029901103
800.4000000000,0.9014035239
800.5000000000,0.8998345578
800.6000000000,0.8982843804
800.7000000000,0.8967541175
800.8000000000,0.8952448482
800.9000000000,0.8937576025
801.0000000000,0.8922933577
801.1000000000,0.8908530357
801.2000000000,0.8894374999
801.3000000000,0.8880475524
801.4000000000,0.8866839318
801.5000000000,0.8853473102
801.6000000000,0.8840382914
801.7000000000,0.8827574083
801.8000000000,0.8815051210
801.9000000000,0.8802818152
802.0000000000,0.8790878005
802.1000000000,0.8779233085
802.2000000000,0.8767884923
802.3000000000,0.8756834246
802.4000000000,0.8746080976
802.5000000000,0.8735624218
802.6000000000,0.8725462258
802.7000000000,0.8715592561
802.8000000000,0.8706011769
802.9000000000,0.8696715708
803.0000000000,0.8687699388
803.1000000000,0.8678957010
803.2000000000,0.8670481983
803.3000000000,0.8662266924
803.4000000000,0.8654303685
803.5000000000,0.8646583359
803.6000000000,0.8639096308
803.7000000000,0.8631832180
803.8000000000,0.8624779934
803.9000000000,0.8617927866
804.0000000000,0.8611263643
804.1000000000,0.8604774326
804.2000000000,0.8598446413
804.3000000000,0.8592265866
804.4000000000,0.8586218156
804.5000000000,0.8580288300
804.6000000000,0.8574460901
804.7000000000,0.8568720198
804.8000000000,0.8563050103
804.9000000000,0.8557434254
805.0000000000,0.8551856062
805.1000000000,0.8546298760
805.2000000000,0.8540745449
805.3000000000,0.8535179159
805.4000000000,0.8529582889
805.5000000000,0.8523939668
805.6000000000,0.8518232601
805.7000000000,0.8512444926
805.8000000000,0.8506560060
805.9000000000,0.8500561655
806.0000000000,0.8494433642
806.1000000000,0.8488160285
806.2000000000,0.8481726227
806.3000000000,0.8475116534
806.4000000000,0.8468316738
806.5000000000,0.8461312883
806.6000000000,0.8454091558
806.7000000000,0.8446639939
806.8000000000,0.8438945817
806.9000000000,0.8430997634
807.0000000000,0.8422784507
807.1000000000,0.8414296252
807.2000000000,0.8405523405
807.3000000000,0.8396457236
807.4000000000,0.8387089767
807.5000000000,0.8377413774
807.6000000000,0.8367422799
807.7000000000,0.8357111142
807.8000000000,0.8346473865
807.9000000000,0.8335506781
808.0000000000,0.8324206444
808.1000000000,0.8312570131
808.2000000000,0.8300595827
808.3000000000,0.8288282198
808.4000000000,0.8275628565
808.5000000000,0.8262634877
808.6000000000,0.8249301674
808.7000000000,0.8235630053
808.8000000000,0.8221621629
808.9000000000,0.8207278491
809.0000000000,0.8192603163
809.1000000000,0.8177598552
809.2000000000,0.8162267907
809.3000000000,0.8146614769
809.4000000000,0.8130642919
809.5000000000,0.8114356332
809.6000000000,0.8097759127
809.7000000000,0.8080855514
809.8000000000,0.8063649750
809.9000000000,0.8046146088
810.0000000000,0.8028348736
810.1000000000,0.8010261805
810.2000000000,0.7991889275
810.3000000000,0.7973234950
810.4000000000,0.7954302426
810.5000000000,0.7935095057
810.6000000000,0.7915615924
810.7000000000,0.7895867813
810.8000000000,0.7875853192
810.9000000000,0.7855574196
811.0000000000,0.7835032615
811.1000000000,0.7814229890
811.2000000000,0.7793167106
811.3000000000,0.7771845005
811.4000000000,0.7750263986
811.5000000000,0.7728424126
811.6000000000,0.7706325199
811.7000000000,0.7683966700
811.8000000000,0.7661347878
811.9000000000,0.7638467768
812.0000000000,0.7615325240
812.1000000000,0.7591919034
812.2000000000,0.7568247819
812.3000000000,0.7544310244
812.4000000000,0.7520104993
812.5000000000,0.7495630852
812.6000000000,0.7470886769
812.7000000000,0.7445871923
812.8000000000,0.7420585791
812.9000000000,0.7395028220
813.0000000000,0.7369199493
813.1000000000,0.7343100410
813.2000000000,0.7316732346
813.3000000000,0.7290097330
813.4000000000,0.7263198112
813.5000000000,0.7236038223
813.6000000000,0.7208622046
813.7000000000,0.7180954869
813.8000000000,0.7153042945
813.9000000000,0.7124893543
814.0000000000,0.7096514990
814.1000000000,0.7067916718
814.2000000000,0.7039109294
814.3000000000,0.7010104450
814.4000000000,0.6980915104
814.5000000000,0.6951555378
814.6000000000,0.6922040602
814.7000000000,0.6892387315
814.8000000000,0.6862613262
814.9000000000,0.6832737373
815.0000000000,0.6802779750
815.1000000000,0.6772761631
815.2000000000,0.6742705358
815.3000000000,0.6712634333
815.4000000000,0.6682572972
815.5000000000,0.6652546644
815.6000000000,0.6622581618
815.7000000000,0.6592704992
815.8000000000,0.6562944623
815.9000000000,0.6533329056
816.0000000000,0.6503887439
816.1000000000,0.6474649450
816.2000000000,0.6445645207
816.3000000000,0.6416905186
816.4000000000,0.6388460134
816.5000000000,0.6360340980
816.6000000000,0.6332578752
816.7000000000,0.6305204489
816.8000000000,0.6278249155
816.9000000000,0.6251743558
817.0000000000,0.6225718267
817.1000000000,0.6200203538
817.2000000000,0.6175229231
817.3000000000,0.6150824746
817.4000000000,0.6127018954
817.5000000000,0.6103840127
817.6000000000,0.6081315886
817.7000000000,0.6059473140
817.8000000000,0.6038338036
817.9000000000,0.6017935914
818.0000000000,0.5998291262
818.1000000000,0.5979427680
818.2000000000,0.5961367843
818.3000000000,0.5944133472
818.4000000000,0.5927745310
818.5000000000,0.5912223095
818.6000000000,0.5897585542
818.7000000000,0.5883850327
818.8000000000,0.5871034069
818.9000000000,0.5859152324
819.0000000000,0.5848219570
819.1000000000,0.5838249199
819.2000000000,0.5829253512
819.3000000000,0.5821243709
819.4000000000,0.5814229886
819.5000000000,0.5808221027
819.6000000000,0.5803224999
819.7000000000,0.5799248545
819.8000000000,0.5796297278
819.9000000000,0.5794375669
820.0000000000,0.5793487043
820.1000000000,0.5793633566
820.2000000000,0.5794816230
820.3000000000,0.5797034845
820.4000000000,0.5800288020
820.5000000000,0.5804573145
820.6000000000,0.5809886376
820.7000000000,0.5816222610
820.8000000000,0.5823575468
820.9000000000,0.5831937268
821.0000000000,0.5841299001
821.1000000000,0.5851650306
821.2000000000,0.5862979444
821.3000000000,0.5875273267
821.4000000000,0.5888517195
821.5000000000,0.5902695185
821.6000000000,0.5917789703
821.7000000000,0.5933781701
821.8000000000,0.5950650587
821.9000000000,0.5968374203
822.0000000000,0.5986928801
822.1000000000,0.6006289024
822.2000000000,0.6026427888
822.3000000000,0.6047316764
822.4000000000,0.6068925373
822.5000000000,0.6091221773
822.6000000000,0.6114172361
822.7000000000,0.6137741871
822.8000000000,0.6161893385
822.9000000000,0.6186588340
823.0000000000,0.6211786553
823.1000000000,0.6237446241
823.2000000000,0.6263524055
823.3000000000,0.6289975117
823.4000000000,0.6316753063
823.5000000000,0.6343810097
823.6000000000,0.6371097053
823.7000000000,0.6398563454
823.8000000000,0.6426157594
823.9000000000,0.6453826615
824.0000000000,0.6481516595
824.1000000000,0.6509172649
824.2000000000,0.6536739025
824.3000000000,0.6564159221
824.4000000000,0.6591376094
824.5000000000,0.6618331990
824.6000000000,0.6644968866
824.7000000000,0.6671228428
824.8000000000,0.6697052267
824.9000000000,0.6722382005
825.0000000000,0.6747159440
825.1000000000,0.6771326696
825.2000000000,0.6794826379
825.3000000000,0.6817601727
825.4000000000,0.6839596774
825.5000000000,0.6860756498
825.6000000000,0.6881026984
825.7000000000,0.6900355578
825.8000000000,0.6918691043
825.9000000000,0.6935983708
826.0000000000,0.6952185620
826.1000000000,0.6967250689
826.2000000000,0.6981134829
826.3000000000,0.6993796093
826.4000000000,0.7005194803
826.5000000000,0.7015293678
826.6000000000,0.7024057945
826.7000000000,0.7031455451
826.8000000000,0.7037456767
826.9000000000,0.7042035275
827.0000000000,0.7045167259
827.1000000000,0.7046831974
827.2000000000,0.7047011713
827.3000000000,0.7045691861
827.4000000000,0.7042860942
827.5000000000,0.7038510654
827.6000000000,0.7032635887
827.7000000000,0.7025234744
827.8000000000,0.7016308538
827.9000000000,0.7005861789
828.0000000000,0.6993902200
828.1000000000,0.6980440632
828.2000000000,0.6965491064
828.3000000000,0.6949070542
828.4000000000,0.6931199121
828.5000000000,0.6911899797
828.6000000000,0.6891198423
828.7000000000,0.6869123632
828.8000000000,0.6845706729
828.9000000000,0.6820981598
829.0000000000,0.6794984582
829.1000000000,0.6767754367
829.2000000000,0.6739331858
829.3000000000,0.6709760045
829.4000000000,0.6679083865
829.5000000000,0.6647350061
829.6000000000,0.6614607034
829.7000000000,0.6580904692
829.8000000000,0.6546294297
829.9000000000,0.6510828307
830.0000000000,0.6474560218
830.1000000000,0.6437544407
830.2000000000,0.6399835965
830.3000000000,0.6361490545
830.4000000000,0.6322564196
830.5000000000,0.6283113208
830.6000000000,0.6243193956
830.7000000000,0.6202862744
830.8000000000,0.6162175659
830.9000000000,0.6121188422
831.0000000000,0.6079956246
831.1000000000,0.6038533699
831.2000000000,0.5996974575
831.3000000000,0.5955331766
831.4000000000,0.5913657142
831.5000000000,0.5872001442
831.6000000000,0.5830414169
831.7000000000,0.5788943487
831.8000000000,0.5747636138
831.9000000000,0.5706537357
832.0000000000,0.5665690799
832.1000000000,0.5625138476
832.2000000000,0.5584920697
832.3000000000,0.5545076027
832.4000000000,0.5505641240
832.5000000000,0.5466651300
832.6000000000,0.5428139327
832.7000000000,0.5390136598
832.8000000000,0.5352672533
832.9000000000,0.5315774704
833.0000000000,0.5279468850
833.1000000000,0.5243778892
833.2000000000,0.5208726968
833.3000000000,0.5174333466
833.4000000000,0.5140617069
833.5000000000,0.5107594803
833.6000000000,0.5075282098
833.7000000000,0.5043692845
833.8000000000,0.5012839471
833.9000000000,0.4982733010
834.0000000000,0.4953383181
834.1000000000,0.4924798473
834.2000000000,0.4896986228
834.3000000000,0.4869952735
834.4000000000,0.4843703324
834.5000000000,0.4818242453
834.6000000000,0.4793573814
834.7000000000,0.4769700425
834.8000000000,0.4746624730
834.9000000000,0.4724348694
835.0000000000,0.4702873907
835.1000000000,0.4682201673
835.2000000000,0.4662333105
835.3000000000,0.4643269223
835.4000000000,0.4625011034
835.5000000000,0.4607559624
835.6000000000,0.4590916233
835.7000000000,0.4575082338
835.8000000000,0.4560059720
835.9000000000,0.4545850529
836.0000000000,0.4532457349
836.1000000000,0.4519883244
836.2000000000,0.4508131813
836.3000000000,0.4497207225
836.4000000000,0.4487114252
836.5000000000,0.4477858294
836.6000000000,0.4469445400
836.7000000000,0.4461882274
836.8000000000,0.4455176276
836.9000000000,0.4449335423
837.0000000000,0.4444368367
837.1000000000,0.4440284378
837.2000000000,0.4437093317
837.3000000000,0.4434805593
837.4000000000,0.4433432128
837.5000000000,0.4432984299
837.6000000000,0.4433473885
837.7000000000,0.4434913001
837.8000000000,0.4437314033
837.9000000000,0.4440689557
838.0000000000,0.4445052262
838.1000000000,0.4450414865
838.2000000000,0.4456790021
838.3000000000,0.4464190227
838.4000000000,0.4472627731
838.5000000000,0.4482114426
838.6000000000,0.4492661751
838.7000000000,0.4504280588
838.8000000000,0.4516981149
838.9000000000,0.4530772878
839.0000000000,0.4545664335
839.1000000000,0.4561663093
839.2000000000,0.4578775628
839.3000000000,0.4597007210
839.4000000000,0.4616361801
839.5000000000,0.4636841946
839.6000000000,0.4658448674
839.7000000000,0.4681181394
839.8000000000,0.4705037801
839.9000000000,0.4730013781
840.0000000000,0.4756103320
840.1000000000,0.4783298419
840.2000000000,0.4811589012
840.3000000000,0.4840962894
840.4000000000,0.4871405643
840.5000000000,0.4902900564
840.6000000000,0.4935428627
840.7000000000,0.4968968417
840.8000000000,0.5003496092
840.9000000000,0.5038985351
841.0000000000,0.5075407399
841.1000000000,0.5112730939
841.2000000000,0.5150922161
841.3000000000,0.5189944739
841.4000000000,0.5229759850
841.5000000000,0.5270326190
841.6000000000,0.5311600013
841.7000000000,0.5353535168
841.8000000000,0.5396083162
841.9000000000,0.5439193222
842.0000000000,0.5482812376
842.1000000000,0.5526885542
842.2000000000,0.5571355631
842.3000000000,0.5616163663
842.4000000000,0.5661248887
842.5000000000,0.5706548923
842.6000000000,0.5751999910
842.7000000000,0.5797536660
842.8000000000,0.5843092832
842.9000000000,0.5888601111
843.0000000000,0.5933993390
843.1000000000,0.5979200974
843.2000000000,0.6024154781
843.3000000000,0.6068785551
843.4000000000,0.6113024069
843.5000000000,0.6156801380
843.6000000000,0.6200049020
843.7000000000,0.6242699243
843.8000000000,0.6284685252
843.9000000000,0.6325941428
844.0000000000,0.6366403560
844.1000000000,0.6406009075
844.2000000000,0.6444697257
844.3000000000,0.6482409472
844.4000000000,0.6519089374
844.5000000000,0.6554683118
844.6000000000,0.6589139550
844.7000000000,0.6622410397
844.8000000000,0.6654450442
844.9000000000,0.6685217685
845.0000000000,0.6714673496
845.1000000000,0.6742782750
845.2000000000,0.6769513944
845.3000000000,0.6794839302
845.4000000000,0.6818734867
845.5000000000,0.6841180564
845.6000000000,0.6862160257
845.7000000000,0.6881661783
845.8000000000,0.6899676966
845.9000000000,0.6916201615
846.0000000000,0.6931235506
846.1000000000,0.6944782340
846.2000000000,0.6956849689
846.3000000000,0.6967448919
846.4000000000,0.6976595103
846.5000000000,0.6984306913
846.6000000000,0.6990606496
846.7000000000,0.6995519339
846.8000000000,0.6999074120
846.9000000000,0.7001302541
847.0000000000,0.7002239160
847.1000000000,0.7001921199
847.2000000000,0.7000388358
847.3000000000,0.6997682607
847.4000000000,0.6993847982
847.5000000000,0.6988930372
847.6000000000,0.6982977298
847.7000000000,0.6976037695
847.8000000000,0.6968161690
847.9000000000,0.6959400382
848.0000000000,0.6949805615
848.1000000000,0.6939429766
848.2000000000,0.6928325523
848.3000000000,0.6916545676
848.4000000000,0.6904142907
848.5000000000,0.6891169594
848.6000000000,0.6877677612
848.7000000000,0.6863718147
848.8000000000,0.6849341521
848.9000000000,0.6834597017
849.0000000000,0.6819532722
849.1000000000,0.6804195376
849.2000000000,0.6788630231
849.3000000000,0.6772880922
849.4000000000,0.6756989346
849.5000000000,0.6740995555
849.6000000000,0.6724937659
849.7000000000,0.6708851738
849.8000000000,0.6692771770
849.9000000000,0.6676729561
850.0000000000,0.6660754698
850.1000000000,0.6644874504
850.2000000000,0.6629114004
850.3000000000,0.6613495905
850.4000000000,0.6598040587
850.5000000000,0.6582766096
850.6000000000,0.6567688156
850.7000000000,0.6552820188
850.8000000000,0.6538173331
850.9000000000,0.6523756482
851.0000000000,0.6509576337
851.1000000000,0.6495637443
851.2000000000,0.6481942259
851.3000000000,0.6468491219
851.4000000000,0.6455282811
851.5000000000,0.6442313652
851.6000000000,0.6429578577
851.7000000000,0.6417070733
851.8000000000,0.6404781672
851.9000000000,0.6392701461
852.0000000000,0.6380818783
852.1000000000,0.6369121056
852.2000000000,0.6357594542
852.3000000000,0.6346224474
852.4000000000,0.6334995171
852.5000000000,0.6323890171
852.6000000000,0.6312892351
852.7000000000,0.6301984064
852.8000000000,0.6291147262
852.9000000000,0.6280363632
853.0000000000,0.6269614724
853.1000000000,0.6258882083
853.2000000000,0.6248147381
853.3000000000,0.6237392542
853.4000000000,0.6226599868
853.5000000000,0.6215752168
853.6000000000,0.6204832873
853.7000000000,0.6193826156
853.8000000000,0.6182717045
853.9000000000,0.6171491529
854.0000000000,0.6160136663
854.1000000000,0.6148640668
854.2000000000,0.6136993015
854.3000000000,0.6125184515
854.4000000000,0.6113207396
854.5000000000,0.6101055373
854.6000000000,0.6088723708
854.7000000000,0.6076209269
854.8000000000,0.6063510575
854.9000000000,0.6050627832
855.0000000000,0.6037562965
855.1000000000,0.6024319640
855.2000000000,0.6010903276
855.3000000000,0.5997321048
855.4000000000,0.5983581886
855.5000000000,0.5969696460
855.6000000000,0.5955677162
855.7000000000,0.5941538074
855.8000000000,0.5927294941
855.9000000000,0.5912965117
856.0000000000,0.5898567527
856.1000000000,0.5884122600
856.2000000000,0.5869652220
856.3000000000,0.5855179645
856.4000000000,0.5840729449
856.5000000000,0.5826327432
856.6000000000,0.5812000552
856.7000000000,0.5797776829
856.8000000000,0.5783685268
856.9000000000,0.5769755763
857.0000000000,0.5756019009
857.1000000000,0.5742506407
857.2000000000,0.5729249970
857.3000000000,0.5716282229
857.4000000000,0.5703636137
857.5000000000,0.5691344975
857.6000000000,0.5679442256
857.7000000000,0.5667961632
857.8000000000,0.5656936801
857.9000000000,0.5646401414
858.0000000000,0.5636388988
858.1000000000,0.5626932813
858.2000000000,0.5618065871
858.3000000000,0.5609820745
858.4000000000,0.5602229538
858.5000000000,0.5595323796
858.6000000000,0.5589134422
858.7000000000,0.5583691607
858.8000000000,0.5579024748
858.9000000000,0.5575162379
859.0000000000,0.5572132101
859.1000000000,0.5569960512
859.2000000000,0.5568673138
859.3000000000,0.5568294373
859.4000000000,0.5568847413
859.5000000000,0.5570354195
859.6000000000,0.5572835337
859.7000000000,0.5576310082
859.8000000000,0.5580796245
859.9000000000,0.5586310151
860.0000000000,0.5592866593
860.1000000000,0.5600478774
860.2000000000,0.5609158263
860.3000000000,0.5618914948
860.4000000000,0.5629756996
860.5000000000,0.5641690804
860.6000000000,0.5654720967
860.7000000000,0.5668850240
860.8000000000,0.5684079506
860.9000000000,0.5700407742
861.0000000000,0.5717832000
861.1000000000,0.5736347376
861.2000000000,0.5755946997
861.3000000000,0.5776622005
861.4000000000,0.5798361545
861.5000000000,0.5821152762
861.6000000000,0.5844980797
861.7000000000,0.5869828797
861.8000000000,0.5895677920
861.9000000000,0.5922507354
862.0000000000,0.5950294337
862.1000000000,0.5979014188
862.2000000000,0.6008640336
862.3000000000,0.6039144367
862.4000000000,0.6070496064
862.5000000000,0.6102663465
862.6000000000,0.6135612922
862.7000000000,0.6169309165
862.8000000000,0.6203715374
862.9000000000,0.6238793261
863.0000000000,0.6274503149
863.1000000000,0.6310804065
863.2000000000,0.6347653833
863.3000000000,0.6385009173
863.4000000000,0.6422825806
863.5000000000,0.6461058562
863.6000000000,0.6499661490
863.7000000000,0.6538587970
863.8000000000,0.6577790834
863.9000000000,0.6617222481
864.0000000000,0.6656834995
864.1000000000,0.6696580266
864.2000000000,0.6736410108
864.3000000000,0.6776276376
864.4000000000,0.6816131087
864.5000000000,0.6855926528
864.6000000000,0.6895615371
864.7000000000,0.6935150778
864.8000000000,0.6974486510
864.9000000000,0.7013577020
865.0000000000,0.7052377550
865.1000000000,0.7090844219
865.2000000000,0.7128934106
865.3000000000,0.7166605325
865.4000000000,0.7203817094
865.5000000000,0.7240529799
865.6000000000,0.7276705047
865.7000000000,0.7312305716
865.8000000000,0.7347295994
865.9000000000,0.7381641411
866.0000000000,0.7415308870
866.1000000000,0.7448266657
866.2000000000,0.7480484459
866.3000000000,0.7511933366
866.4000000000,0.7542585866
866.5000000000,0.7572415839
866.6000000000,0.7601398541
866.7000000000,0.7629510583
866.8000000000,0.7656729901
866.9000000000,0.7683035729
867.0000000000,0.7708408562
867.1000000000,0.7732830114
867.2000000000,0.7756283276
867.3000000000,0.7778752067
867.4000000000,0.7800221587
867.5000000000,0.7820677965
867.6000000000,0.7840108306
867.7000000000,0.7858500637
867.8000000000,0.7875843852
867.9000000000,0.7892127660
868.0000000000,0.7907342530
868.1000000000,0.7921479639
868.2000000000,0.7934530822
868.3000000000,0.7946488521
868.4000000000,0.7957345742
868.5000000000,0.7967096010
868.6000000000,0.7975733331
868.7000000000,0.7983252152
868.8000000000,0.7989647334
868.9000000000,0.7994914122
869.0000000000,0.7999048122
869.1000000000,0.8002045284
869.2000000000,0.8003901889
869.3000000000,0.8004614542
869.4000000000,0.8004180169
869.5000000000,0.8002596022
869.6000000000,0.7999859686
869.7000000000,0.7995969098
869.8000000000,0.7990922561
869.9000000000,0.7984718776
870.0000000000,0.7977356870
870.1000000000,0.7968836431
870.2000000000,0.7959157552
870.3000000000,0.7948320876
870.4000000000,0.7936327644
870.5000000000,0.7923179751
870.6000000000,0.7908879803
870.7000000000,0.7893431177
870.8000000000,0.7876838086
870.9000000000,0.7859105642
871.0000000000,0.7840239923
871.1000000000,0.7820248042
871.2000000000,0.7799138215
871.3000000000,0.7776919827
871.4000000000,0.7753603502
871.5000000000,0.7729201163
871.6000000000,0.7703726102
871.7000000000,0.7677193031
871.8000000000,0.7649618147
871.9000000000,0.7621019181
872.0000000000,0.7591415443
872.1000000000,0.7560827867
872.2000000000,0.7529279045
872.3000000000,0.7496793259
872.4000000000,0.7463396503
872.5000000000,0.7429116493
872.6000000000,0.7393982683
872.7000000000,0.7358026259
872.8000000000,0.7321280128
872.9000000000,0.7283778908
873.0000000000,0.7245558893
873.1000000000,0.7206658025
873.2000000000,0.7167115846
873.3000000000,0.7126973450
873.4000000000,0.7086273420
873.5000000000,0.7045059759
873.6000000000,0.7003377816
873.7000000000,0.6961274202
873.8000000000,0.6918796698
873.9000000000,0.6875994158
874.0000000000,0.6832916411
874.1000000000,0.6789614144
874.2000000000,0.6746138798
874.3000000000,0.6702542445
874.4000000000,0.6658877674
874.5000000000,0.6615197462
874.6000000000,0.6571555053
874.7000000000,0.6528003835
874.8000000000,0.6484597211
874.9000000000,0.6441388472
875.0000000000,0.6398430680
875.1000000000,0.6355776537
875.2000000000,0.6313478273
875.3000000000,0.6271587522
875.4000000000,0.6230155213
875.5000000000,0.6189231459
875.6000000000,0.6148865456
875.7000000000,0.6109105375
875.8000000000,0.6069998277
875.9000000000,0.6031590019
876.0000000000,0.5993925171
876.1000000000,0.5957046941
876.2000000000,0.5920997104
876.3000000000,0.5885815939
876.4000000000,0.5851542167
876.5000000000,0.5818212903
876.6000000000,0.5785863608
876.7000000000,0.5754528053
876.8000000000,0.5724238280
876.9000000000,0.5695024578
877.0000000000,0.5666915458
877.1000000000,0.5639937639
877.2000000000,0.5614116031
877.3000000000,0.5589473730
877.4000000000,0.5566032013
877.5000000000,0.5543810339
877.6000000000,0.5522826353
877.7000000000,0.5503095892
877.8000000000,0.5484632997
877.9000000000,0.5467449923
878.0000000000,0.5451557156
878.1000000000,0.5436963431
878.2000000000,0.5423675748
878.3000000000,0.5411699392
878.4000000000,0.5401037961
878.5000000000,0.5391693378
878.6000000000,0.5383665925
878.7000000000,0.5376954258
878.8000000000,0.5371555438
878.9000000000,0.5367464953
879.0000000000,0.5364676744
879.1000000000,0.5363183230
879.2000000000,0.5362975335
879.3000000000,0.5364042512
879.4000000000,0.5366372770
879.5000000000,0.5369952702
879.6000000000,0.5374767509
879.7000000000,0.5380801030
879.8000000000,0.5388035766
879.9000000000,0.5396452912
880.0000000000,0.5406032381
880.1000000000,0.5416752839
880.2000000000,0.5428591730
880.3000000000,0.5441525312
880.4000000000,0.5455528684
880.5000000000,0.5470575828
880.6000000000,0.5486639634
880.7000000000,0.5503691944
880.8000000000,0.5521703590
880.9000000000,0.5540644428
881.0000000000,0.5560483387
881.1000000000,0.5581188506
881.2000000000,0.5602726986
881.3000000000,0.5625065232
881.4000000000,0.5648168902
881.5000000000,0.5672002964
881.6000000000,0.5696531741
881.7000000000,0.5721718974
881.8000000000,0.5747527869
881.9000000000,0.5773921163
882.0000000000,0.5800861181
882.1000000000,0.5828309894
882.2000000000,0.5856228985
882.3000000000,0.5884579909
882.4000000000,0.5913323959
882.5000000000,0.5942422328
882.6000000000,0.5971836174
882.7000000000,0.6001526687
882.8000000000,0.6031455151
882.9000000000,0.6061583006
883.0000000000,0.6091871919
883.1000000000,0.6122283836
883.2000000000,0.6152781054
883.3000000000,0.6183326272
883.4000000000,0.6213882654
883.5000000000,0.6244413884
883.6000000000,0.6274884221
883.7000000000,0.6305258551
883.8000000000,0.6335502434
883.9000000000,0.6365582156
884.0000000000,0.6395464770
884.1000000000,0.6425118136
884.2000000000,0.6454510966
884.3000000000,0.6483612853
884.4000000000,0.6512394308
884.5000000000,0.6540826788
884.6000000000,0.6568882728
884.7000000000,0.6596535557
884.8000000000,0.6623759728
884.9000000000,0.6650530731
885.0000000000,0.6676825116
885.1000000000,0.6702620501
885.2000000000,0.6727895587
885.3000000000,0.6752630171
885.4000000000,0.6776805151
885.5000000000,0.6800402533
885.6000000000,0.6823405440
885.7000000000,0.6845798115
885.8000000000,0.6867565922
885.9000000000,0.6888695354
886.0000000000,0.6909174035
886.1000000000,0.6928990716
886.2000000000,0.6948135287
886.3000000000,0.6966598773
886.4000000000,0.6984373336
886.5000000000,0.7001452284
886.6000000000,0.7017830068
886.7000000000,0.7033502288
886.8000000000,0.7048465701
886.9000000000,0.7062718219
887.0000000000,0.7076258920
887.1000000000,0.7089088053
887.2000000000,0.7101207041
887.3000000000,0.7112618492
887.4000000000,0.7123326203
887.5000000000,0.7133335169
887.6000000000,0.7142651585
887.7000000000,0.7151282857
887.8000000000,0.7159237603
887.9000000000,0.7166525660
888.0000000000,0.7173158086
888.1000000000,0.7179147159
888.2000000000,0.7184506379
888.3000000000,0.7189250465
888.4000000000,0.7193395346
888.5000000000,0.7196958156
888.6000000000,0.7199957221
888.7000000000,0.7202412043
888.8000000000,0.7204343283
888.9000000000,0.7205772736
889.0000000000,0.7206723303
889.1000000000,0.7207218963
889.2000000000,0.7207284732
889.3000000000,0.7206946624
889.4000000000,0.7206231607
889.5000000000,0.7205167548
889.6000000000,0.7203783161
889.7000000000,0.7202107942
889.8000000000,0.7200172111
889.9000000000,0.7198006534
890.0000000000,0.7195642654
890.1000000000,0.7193112410
890.2000000000,0.7190448157
890.3000000000,0.7187682579
890.4000000000,0.7184848598
890.5000000000,0.7181979288
890.6000000000,0.7179107774
890.7000000000,0.7176267142
890.8000000000,0.7173490336
890.9000000000,0.7170810068
891.0000000000,0.7168258710
891.1000000000,0.7165868201
891.2000000000,0.7163669951
891.3000000000,0.7161694740
891.4000000000,0.7159972627
891.5000000000,0.7158532853
891.6000000000,0.7157403758
891.7000000000,0.7156612688
891.8000000000,0.7156185919
891.9000000000,0.7156148569
892.0000000000,0.7156524532
892.1000000000,0.7157336404
892.2000000000,0.7158605421
892.3000000000,0.7160351396
892.4000000000,0.7162592669
892.5000000000,0.7165346054
892.6000000000,0.7168626803
892.7000000000,0.7172448564
892.8000000000,0.7176823352
892.9000000000,0.7181761526
893.0000000000,0.7187271767
893.1000000000,0.7193361067
893.2000000000,0.7200034723
893.3000000000,0.7207296329
893.4000000000,0.7215147788
893.5000000000,0.7223589312
893.6000000000,0.7232619445
893.7000000000,0.7242235071
893.8000000000,0.7252431447
893.9000000000,0.7263202223
894.0000000000,0.7274539476
894.1000000000,0.7286433745
894.2000000000,0.7298874071
894.3000000000,0.7311848036
894.4000000000,0.7325341809
894.5000000000,0.7339340193
894.6000000000,0.7353826680
894.7000000000,0.7368783494
894.8000000000,0.7384191655
894.9000000000,0.7400031031
895.0000000000,0.7416280398
895.1000000000,0.7432917497
895.2000000000,0.7449919100
895.3000000000,0.7467261070
895.4000000000,0.7484918423
895.5000000000,0.7502865398
895.6000000000,0.7521075518
895.7000000000,0.7539521658
895.8000000000,0.7558176114
895.9000000000,0.7577010668
896.0000000000,0.7595996658
896.1000000000,0.7615105049
896.2000000000,0.7634306496
896.3000000000,0.7653571419
896.4000000000,0.7672870070
896.5000000000,0.7692172605
896.6000000000,0.7711449147
896.7000000000,0.7730669863
896.8000000000,0.7749805027
896.9000000000,0.7768825093
897.0000000000,0.7787700759
897.1000000000,0.7806403033
897.2000000000,0.7824903305
897.3000000000,0.7843173405
897.4000000000,0.7861185671
897.5000000000,0.7878913010
897.6000000000,0.7896328957
897.7000000000,0.7913407736
897.8000000000,0.7930124312
897.9000000000,0.7946454453
898.0000000000,0.7962374774
898.1000000000,0.7977862788
898.2000000000,0.7992896956
898.3000000000,0.8007456726
898.4000000000,0.8021522573
898.5000000000,0.8035076037
898.6000000000,0.8048099755
898.7000000000,0.8060577488
898.8000000000,0.8072494149
898.9000000000,0.8083835824
899.0000000000,0.8094589784
899.1000000000,0.8104744503
899.2000000000,0.8114289664
899.3000000000,0.8123216162
899.4000000000,0.8131516105
899.5000000000,0.8139182809
899.6000000000,0.8146210789
899.7000000000,0.8152595745
899.8000000000,0.8158334545
899.9000000000,0.8163425202
900.0000000000,0.8167866851
900.1000000000,0.8171659718
900.2000000000,0.8174805088
900.3000000000,0.8177305266
900.4000000000,0.8179163540
900.5000000000,0.8180384137
900.6000000000,0.8180972180
900.7000000000,0.8180933636
900.8000000000,0.8180275266
900.9000000000,0.8179004577
901.0000000000,0.8177129764
901.1000000000,0.8174659657
901.2000000000,0.8171603659
901.3000000000,0.8167971698
901.4000000000,0.8163774161
901.5000000000,0.8159021837
901.6000000000,0.8153725862
901.7000000000,0.8147897658
901.8000000000,0.8141548877
901.9000000000,0.8134691343
902.0000000000,0.8127336996
902.1000000000,0.8119497842
902.2000000000,0.8111185894
902.3000000000,0.8102413124
902.4000000000,0.8093191416
902.5000000000,0.8083532516
902.6000000000,0.8073447987
902.7000000000,0.8062949170
902.8000000000,0.8052047142
902.9000000000,0.8040752682
903.0000000000,0.8029076235
903.1000000000,0.8017027882
903.2000000000,0.8004617312
903.3000000000,0.7991853800
903.4000000000,0.7978746186
903.5000000000,0.7965302854
903.6000000000,0.7951531722
903.7000000000,0.7937440229
903.8000000000,0.7923035333
903.9000000000,0.7908323499
904.0000000000,0.7893310708
904.1000000000,0.7878002457
904.2000000000,0.7862403765
904.3000000000,0.7846519190
904.4000000000,0.7830352836
904.5000000000,0.7813908380
904.6000000000,0.7797189086
904.7000000000,0.7780197835
904.8000000000,0.7762937155
904.9000000000,0.7745409247
905.0000000000,0.7727616030
905.1000000000,0.7709559169
905.2000000000,0.7691240127
905.3000000000,0.7672660202
905.4000000000,0.7653820578
905.5000000000,0.7634722377
905.6000000000,0.7615366706
905.7000000000,0.7595754718
905.8000000000,0.7575887665
905.9000000000,0.7555766960
906.0000000000,0.7535394234
906.1000000000,0.7514771399
906.2000000000,0.7493900714
906.3000000000,0.7472784841
906.4000000000,0.7451426916
906.5000000000,0.7429830608
906.6000000000,0.7408000185
906.7000000000,0.7385940573
906.8000000000,0.7363657419
906.9000000000,0.7341157149
907.0000000000,0.7318447028
907.1000000000,0.7295535209
907.2000000000,0.7272430788
907.3000000000,0.7249143852
907.4000000000,0.7225685516
907.5000000000,0.7202067971
907.6000000000,0.7178304509
907.7000000000,0.7154409557
907.8000000000,0.7130398693
907.9000000000,0.7106288667
908.0000000000,0.7082097405
908.1000000000,0.7057844013
908.2000000000,0.7033548768
908.3000000000,0.7009233105
908.4000000000,0.6984919594
908.5000000000,0.6960631909
908.6000000000,0.6936394787
908.7000000000,0.6912233983
908.8000000000,0.6888176208
908.9000000000,0.6864249071
909.0000000000,0.6840480997
909.1000000000,0.6816901150
909.2000000000,0.6793539344
909.3000000000,0.6770425941
909.4000000000,0.6747591749
909.5000000000,0.6725067913
909.6000000000,0.6702885792
909.7000000000,0.6681076841
909.8000000000,0.6659672482
909.9000000000,0.6638703972
910.0000000000,0.6618202270
910.1000000000,0.6598197899
910.2000000000,0.6578720809
910.3000000000,0.6559800239
910.4000000000,0.6541464577
910.5000000000,0.6523741227
910.6000000000,0.6506656473
910.7000000000,0.6490235351
910.8000000000,0.6474501520
910.9000000000,0.6459477149
911.0000000000,0.6445182794
911.1000000000,0.6431637297
911.2000000000,0.6418857688
911.3000000000,0.6406859090
911.4000000000,0.6395654644
911.5000000000,0.6385255435
911.6000000000,0.6375670430
911.7000000000,0.6366906431
911.8000000000,0.6358968036
911.9000000000,0.6351857610
912.0000000000,0.6345575270
912.1000000000,0.6340118880
912.2000000000,0.6335484057
912.3000000000,0.6331664190
912.4000000000,0.6328650466
912.5000000000,0.6326431910
912.6000000000,0.6324995435
912.7000000000,0.6324325898
912.8000000000,0.6324406168
912.9000000000,0.6325217201
913.0000000000,0.6326738123
913.1000000000,0.6328946319
913.2000000000,0.6331817526
913.3000000000,0.6335325937
913.4000000000,0.6339444304
913.5000000000,0.6344144045
913.6000000000,0.6349395355
913.7000000000,0.6355167318
913.8000000000,0.6361428023
913.9000000000,0.6368144673
914.0000000000,0.6375283704
914.1000000000,0.6382810890
914.2000000000,0.6390691462
914.3000000000,0.6398890207
914.4000000000,0.6407371582
914.5000000000,0.6416099812
914.6000000000,0.6425038990
914.7000000000,0.6434153172
914.8000000000,0.6443406471
914.9000000000,0.6452763142
915.0000000000,0.6462187667
915.1000000000,0.6471644835
915.2000000000,0.6481099817
915.3000000000,0.6490518239
915.4000000000,0.6499866251
915.5000000000,0.6509110589
915.6000000000,0.6518218642
915.7000000000,0.6527158510
915.8000000000,0.6535899058
915.9000000000,0.6544409974
916.0000000000,0.6552661822
916.1000000000,0.6560626093
916.2000000000,0.6568275256
916.3000000000,0.6575582808
916.4000000000,0.6582523323
916.5000000000,0.6589072502
916.6000000000,0.6595207222
916.7000000000,0.6600905584
916.8000000000,0.6606146964
916.9000000000,0.6610912062
917.0000000000,0.6615182951
917.1000000000,0.6618943128
917.2000000000,0.6622177566
917.3000000000,0.6624872760
917.4000000000,0.6627016778
917.5000000000,0.6628599312
917.6000000000,0.6629611722
917.7000000000,0.6630047084
917.8000000000,0.6629900236
917.9000000000,0.6629167816
918.0000000000,0.6627848304
918.1000000000,0.6625942053
918.2000000000,0.6623451326
918.3000000000,0.6620380317
918.4000000000,0.6616735176
918.5000000000,0.6612524021
918.6000000000,0.6607756951
918.7000000000,0.6602446045
918.8000000000,0.6596605359
918.9000000000,0.6590250915
919.0000000000,0.6583400676
919.1000000000,0.6576074521
919.2000000000,0.6568294210
919.3000000000,0.6560083331
919.4000000000,0.6551467256
919.5000000000,0.6542473069
919.6000000000,0.6533129501
919.7000000000,0.6523466846
919.8000000000,0.6513516878
919.9000000000,0.6503312755
920.0000000000,0.6492888913
920.1000000000,0.6482280961
920.2000000000,0.6471525566
920.3000000000,0.6460660330
920.4000000000,0.6449723667
920.5000000000,0.6438754672
920.6000000000,0.6427792989
920.7000000000,0.6416878675
920.8000000000,0.6406052063
920.9000000000,0.6395353625
921.0000000000,0.6384823828
921.1000000000,0.6374503005
921.2000000000,0.6364431208
921.3000000000,0.6354648079
921.4000000000,0.6345192715
921.5000000000,0.6336103541
921.6000000000,0.6327418180
921.7000000000,0.6319173333
921.8000000000,0.6311404664
921.9000000000,0.6304146685
922.0000000000,0.6297432648
922.1000000000,0.6291294448
922.2000000000,0.6285762522
922.3000000000,0.6280865761
922.4000000000,0.6276631427
922.5000000000,0.6273085070
922.6000000000,0.6270250460
922.7000000000,0.6268149514
922.8000000000,0.6266802241
922.9000000000,0.6266226679
923.0000000000,0.6266438846
923.1000000000,0.6267452693
923.2000000000,0.6269280065
923.3000000000,0.6271930658
923.4000000000,0.6275411991
923.5000000000,0.6279729376
923.6000000000,0.6284885891
923.7000000000,0.6290882364
923.8000000000,0.6297717351
923.9000000000,0.6305387127
924.0000000000,0.6313885672
924.1000000000,0.6323204673
924.2000000000,0.6333333514
924.3000000000,0.6344259286
924.4000000000,0.6355966789
924.5000000000,0.6368438542
924.6000000000,0.6381654806
924.7000000000,0.6395593597
924.8000000000,0.6410230715
924.9000000000,0.6425539776
925.0000000000,0.6441492247
925.1000000000,0.6458057490
925.2000000000,0.6475202812
925.3000000000,0.6492893523
925.4000000000,0.6511092994
925.5000000000,0.6529762731
925.6000000000,0.6548862454
925.7000000000,0.6568350179
925.8000000000,0.6588182313
925.9000000000,0.6608313756
926.0000000000,0.6628698005
926.1000000000,0.6649287275
926.2000000000,0.6670032620
926.3000000000,0.6690884066
926.4000000000,0.6711790745
926.5000000000,0.6732701044
926.6000000000,0.6753562750
926.7000000000,0.6774323211
926.8000000000,0.6794929494
926.9000000000,0.6815328550
927.0000000000,0.6835467383
927.1000000000,0.6855293219
927.2000000000,0.6874753681
927.3000000000,0.6893796962
927.4000000000,0.6912371997
927.5000000000,0.6930428634
927.6000000000,0.6947917805
927.7000000000,0.6964791694
927.8000000000,0.6981003896
927.9000000000,0.6996509576
928.0000000000,0.7011265621
928.1000000000,0.7025230778
928.2000000000,0.7038365799
928.3000000000,0.7050633558
928.4000000000,0.7061999174
928.5000000000,0.7072430119
928.6000000000,0.7081896308
928.7000000000,0.7090370189
928.8000000000,0.7097826813
928.9000000000,0.7104243897
929.0000000000,0.7109601867
929.1000000000,0.7113883900
929.2000000000,0.7117075943
929.3000000000,0.7119166727
929.4000000000,0.7120147760
929.5000000000,0.7120013322
929.6000000000,0.7118760433
929.7000000000,0.7116388821
929.8000000000,0.7112900875
929.9000000000,0.7108301591
930.0000000000,0.7102598505
930.1000000000,0.7095801623
930.2000000000,0.7087923337
930.3000000000,0.7078978344
930.4000000000,0.7068983550
930.5000000000,0.7057957975
930.6000000000,0.7045922653
930.7000000000,0.7032900528
930.8000000000,0.7018916351
930.9000000000,0.7003996575
931.0000000000,0.6988169247
931.1000000000,0.6971463905
931.2000000000,0.6953911475
931.3000000000,0.6935544167
931.4000000000,0.6916395380
931.5000000000,0.6896499605
931.6000000000,0.6875892333
931.7000000000,0.6854609967
931.8000000000,0.6832689741
931.9000000000,0.6810169638
932.0000000000,0.6787088318
932.1000000000,0.6763485047
932.2000000000,0.6739399629
932.3000000000,0.6714872350
932.4000000000,0.6689943914
932.5000000000,0.6664655392
932.6000000000,0.6639048175
932.7000000000,0.6613163917
932.8000000000,0.6587044498
932.9000000000,0.6560731972
933.0000000000,0.6534268532
933.1000000000,0.6507696460
933.2000000000,0.6481058089
933.3000000000,0.6454395757
933.4000000000,0.6427751767
933.5000000000,0.6401168336
933.6000000000,0.6374687548
933.7000000000,0.6348351306
933.8000000000,0.6322201273
933.9000000000,0.6296278818
934.0000000000,0.6270624954
934.1000000000,0.6245280270
934.2000000000,0.6220284865
934.3000000000,0.6195678268
934.4000000000,0.6171499366
934.5000000000,0.6147786318
934.6000000000,0.6124576466
934.7000000000,0.6101906249
934.8000000000,0.6079811102
934.9000000000,0.6058325362
935.0000000000,0.6037482168
935.1000000000,0.6017313353
935.2000000000,0.5997849340
935.3000000000,0.5979119040
935.4000000000,0.5961149736
935.5000000000,0.5943966984
935.6000000000,0.5927594501
935.7000000000,0.5912054061
935.8000000000,0.5897365393
935.9000000000,0.5883546081
936.0000000000,0.5870611469
936.1000000000,0.5858574567
936.2000000000,0.5847445968
936.3000000000,0.5837233769
936.4000000000,0.5827943498
936.5000000000,0.5819578047
936.6000000000,0.5812137623
936.7000000000,0.5805619696
936.8000000000,0.5800018963
936.9000000000,0.5795327327
937.0000000000,0.5791533878
937.1000000000,0.5788624894
937.2000000000,0.5786583846
937.3000000000,0.5785391426
937.4000000000,0.5785025577
937.5000000000,0.5785461547
937.6000000000,0.5786671946
937.7000000000,0.5788626825
937.8000000000,0.5791293766
937.9000000000,0.5794637984
938.0000000000,0.5798622442
938.1000000000,0.5803207984
938.2000000000,0.5808353480
938.3000000000,0.5814015976
938.4000000000,0.5820150868
938.5000000000,0.5826712079
938.6000000000,0.5833652252
938.7000000000,0.5840922948
938.8000000000,0.5848474859
938.9000000000,0.5856258028
939.0000000000,0.5864222072
939.1000000000,0.5872316417
939.2000000000,0.5880490533
939.3000000000,0.5888694181
939.4000000000,0.5896877650
939.5000000000,0.5904992005
939.6000000000,0.5912989332
939.7000000000,0.5920822980
939.8000000000,0.5928447798
939.9000000000,0.5935820371
940.0000000000,0.5942899247
940.1000000000,0.5949645156
940.2000000000,0.5956021220
940.3000000000,0.5961993151
940.4000000000,0.5967529441
940.5000000000,0.5972601529
940.6000000000,0.5977183965
940.7000000000,0.5981254548
940.8000000000,0.5984794453
940.9000000000,0.5987788336
941.0000000000,0.5990224424
941.1000000000,0.5992094583
941.2000000000,0.5993394370
941.3000000000,0.5994123056
941.4000000000,0.5994283643
941.5000000000,0.5993882846
941.6000000000,0.5992931068
941.7000000000,0.5991442343
941.8000000000,0.5989434271
941.9000000000,0.5986927929
942.0000000000,0.5983947764
942.1000000000,0.5980521471
942.2000000000,0.5976679854
942.3000000000,0.5972456676
942.4000000000,0.5967888490
942.5000000000,0.5963014463
942.6000000000,0.5957876186
942.7000000000,0.5952517481
942.8000000000,0.5946984189
942.9000000000,0.5941323966
943.0000000000,0.5935586062
943.1000000000,0.5929821105
943.2000000000,0.5924080879
943.3000000000,0.5918418104
943.4000000000,0.5912886216
943.5000000000,0.5907539148
943.6000000000,0.5902431115
943.7000000000,0.5897616405
943.8000000000,0.5893149176
943.9000000000,0.5889083255
944.0000000000,0.5885471944
944.1000000000,0.5882367844
944.2000000000,0.5879822672
944.3000000000,0.5877887099
944.4000000000,0.5876610587
944.5000000000,0.5876041248
944.6000000000,0.5876225699
944.7000000000,0.5877208933
944.8000000000,0.5879034201
944.9000000000,0.5881742899
945.0000000000,0.5885374470
945.1000000000,0.5889966307
945.2000000000,0.5895553670
945.3000000000,0.5902169613
945.4000000000,0.5909844912
945.5000000000,0.5918608010
945.6000000000,0.5928484961
945.7000000000,0.5939499382
945.8000000000,0.5951672420
945.9000000000,0.5965022712
946.0000000000,0.5979566363
946.1000000000,0.5995316917
946.2000000000,0.6012285346
946.3000000000,0.6030480033
946.4000000000,0.6049906764
946.5000000000,0.6070568728
946.6000000000,0.6092466509
946.7000000000,0.6115598097
946.8000000000,0.6139958889
946.9000000000,0.6165541704
947.0000000000,0.6192336792
947.1000000000,0.6220331857
947.2000000000,0.6249512073
947.3000000000,0.6279860108
947.4000000000,0.6311356156
947.5000000000,0.6343977962
947.6000000000,0.6377700862
947.7000000000,0.6412497818
947.8000000000,0.6448339461
947.9000000000,0.6485194139
948.0000000000,0.6523027964
948.1000000000,0.6561804874
948.2000000000,0.6601486683
948.3000000000,0.6642033155
948.4000000000,0.6683402065
948.5000000000,0.6725549280
948.6000000000,0.6768428832
948.7000000000,0.6811993008
948.8000000000,0.6856192434
948.9000000000,0.6900976176
949.0000000000,0.6946291834
949.1000000000,0.6992085651
949.2000000000,0.7038302623
949.3000000000,0.7084886613
949.4000000000,0.7131780472
949.5000000000,0.7178926165
949.6000000000,0.7226264899
949.7000000000,0.7273737257
949.8000000000,0.7321283334
949.9000000000,0.7368842882
950.0000000000,0.7416355447
950.1000000000,0.7463760524
950.2000000000,0.7510997696
950.3000000000,0.7558006793
950.4000000000,0.7604728036
950.5000000000,0.7651102194
950.6000000000,0.7697070735
950.7000000000,0.7742575971
950.8000000000,0.7787561217
950.9000000000,0.7831970932
951.0000000000,0.7875750865
951.1000000000,0.7918848200
951.2000000000,0.7961211692
951.3000000000,0.8002791799
951.4000000000,0.8043540815
951.5000000000,0.8083412987
951.6000000000,0.8122364638
951.7000000000,0.8160354272
951.8000000000,0.8197342682
951.9000000000,0.8233293037
952.0000000000,0.8268170979
952.1000000000,0.8301944695
952.2000000000,0.8334584988
952.3000000000,0.8366065337
952.4000000000,0.8396361953
952.5000000000,0.8425453814
952.6000000000,0.8453322704
952.7000000000,0.8479953228
952.8000000000,0.8505332834
952.9000000000,0.8529451806
953.0000000000,0.8552303265
953.1000000000,0.8573883151
953.2000000000,0.8594190193
953.3000000000,0.8613225882
953.4000000000,0.8630994418
953.5000000000,0.8647502667
953.6000000000,0.8662760092
953.7000000000,0.8676778689
953.8000000000,0.8689572909
953.9000000000,0.8701159576
954.0000000000,0.8711557792
954.1000000000,0.8720788847
954.2000000000,0.8728876110
954.3000000000,0.8735844923
954.4000000000,0.8741722491
954.5000000000,0.8746537761
954.6000000000,0.8750321302
954.7000000000,0.8753105178
954.8000000000,0.8754922825
954.9000000000,0.8755808919
955.0000000000,0.8755799241
955.1000000000,0.8754930548
955.2000000000,0.8753240438
955.3000000000,0.8750767212
955.4000000000,0.8747549743
955.5000000000,0.8743627340
955.6000000000,0.8739039615
955.7000000000,0.8733826351
955.8000000000,0.8728027370
955.9000000000,0.8721682407
956.0000000000,0.8714830982
956.1000000000,0.8707512280
956.2000000000,0.8699765026
956.3000000000,0.8691627371
956.4000000000,0.8683136781
956.5000000000,0.8674329925
956.6000000000,0.8665242572
956.7000000000,0.8655909491
956.8000000000,0.8646364355
956.9000000000,0.8636639650
957.0000000000,0.8626766594
957.1000000000,0.8616775052
957.2000000000,0.8606693465
957.3000000000,0.8596548781
957.4000000000,0.8586366393
957.5000000000,0.8576170079
957.6000000000,0.8565981957
957.7000000000,0.8555822436
957.8000000000,0.8545710179
957.9000000000,0.8535662071
958.0000000000,0.8525693194
958.1000000000,0.8515816808
958.2000000000,0.8506044334
958.3000000000,0.8496385353
958.4000000000,0.8486847601
958.5000000000,0.8477436975
958.6000000000,0.8468157548
958.7000000000,0.8459011582
958.8000000000,0.8449999558
958.9000000000,0.8441120198
959.0000000000,0.8432370507
959.1000000000,0.8423745809
959.2000000000,0.8415239798
959.3000000000,0.8406844583
959.4000000000,0.8398550751
959.5000000000,0.8390347423
959.6000000000,0.8382222325
959.7000000000,0.8374161852
959.8000000000,0.8366151146
959.9000000000,0.8358174173
960.0000000000,0.8350213806
960.1000000000,0.8342251904
960.2000000000,0.8334269409
960.3000000000,0.8326246426
960.4000000000,0.8318162323
960.5000000000,0.8309995823
960.6000000000,0.8301725100
960.7000000000,0.8293327878
960.8000000000,0.8284781526
960.9000000000,0.8276063163
961.0000000000,0.8267149753
961.1000000000,0.8258018209
961.2000000000,0.8248645490
961.3000000000,0.8239008700
961.4000000000,0.8229085186
961.5000000000,0.8218852638
961.6000000000,0.8208289182
961.7000000000,0.8197373472
961.8000000000,0.8186084785
961.9000000000,0.8174403109
962.0000000000,0.8162309227
962.1000000000,0.8149784805
962.2000000000,0.8136812465
962.3000000000,0.8123375871
962.4000000000,0.8109459792
962.5000000000,0.8095050180
962.6000000000,0.8080134227
962.7000000000,0.8064700430
962.8000000000,0.8048738644
962.9000000000,0.8032240134
963.0000000000,0.8015197620
963.1000000000,0.7997605316
963.2000000000,0.7979458969
963.3000000000,0.7960755883
963.4000000000,0.7941494949
963.5000000000,0.7921676656
963.6000000000,0.7901303109
963.7000000000,0.7880378034
963.8000000000,0.7858906775
963.9000000000,0.7836896294
964.0000000000,0.7814355154
964.1000000000,0.7791293503
964.2000000000,0.7767723053
964.3000000000,0.7743657046
964.4000000000,0.7719110220
964.5000000000,0.7694098769
964.6000000000,0.7668640293
964.7000000000,0.7642753749
964.8000000000,0.7616459390
964.9000000000,0.7589778704
965.0000000000,0.7562734343
965.1000000000,0.7535350054
965.2000000000,0.7507650600
965.3000000000,0.7479661677
965.4000000000,0.7451409835
965.5000000000,0.7422922381
965.6000000000,0.7394227294
965.7000000000,0.7365353129
965.8000000000,0.7336328921
965.9000000000,0.7307184084
966.0000000000,0.7277948314
966.1000000000,0.7248651489
966.2000000000,0.7219323563
966.3000000000,0.7189994470
966.4000000000,0.7160694020
966.5000000000,0.7131451799
966.6000000000,0.7102297071
966.7000000000,0.7073258681
966.8000000000,0.7044364957
966.9000000000,0.7015643624
967.0000000000,0.6987121707
967.1000000000,0.6958825453
967.2000000000,0.6930780242
967.3000000000,0.6903010517
967.4000000000,0.6875539705
967.5000000000,0.6848390151
967.6000000000,0.6821583057
967.7000000000,0.6795138425
967.8000000000,0.6769075002
967.9000000000,0.6743410241
968.0000000000,0.6718160257
968.1000000000,0.6693339799
968.2000000000,0.6668962220
968.3000000000,0.6645039463
968.4000000000,0.6621582043
968.5000000000,0.6598599048
968.6000000000,0.6576098133
968.7000000000,0.6554085537
968.8000000000,0.6532566088
968.9000000000,0.6511543233
969.0000000000,0.6491019058
969.1000000000,0.6470994328
969.2000000000,0.6451468525
969.3000000000,0.6432439891
969.4000000000,0.6413905483
969.5000000000,0.6395861226
969.6000000000,0.6378301975
969.7000000000,0.6361221583
969.8000000000,0.6344612964
969.9000000000,0.6328468172
970.0000000000,0.6312778473
970.1000000000,0.6297534425
970.2000000000,0.6282725959
970.3000000000,0.6268342456
970.4000000000,0.6254372839
970.5000000000,0.6240805647
970.6000000000,0.6227629125
970.7000000000,0.6214831302
970.8000000000,0.6202400076
970.9000000000,0.6190323293
971.0000000000,0.6178588823
971.1000000000,0.6167184635
971.2000000000,0.6156098874
971.3000000000,0.6145319920
971.4000000000,0.6134836462
971.5000000000,0.6124637550
971.6000000000,0.6114712656
971.7000000000,0.6105051719
971.8000000000,0.6095645196
971.9000000000,0.6086484095
972.0000000000,0.6077560014
972.1000000000,0.6068865168
972.2000000000,0.6060392412
972.3000000000,0.6052135255
972.4000000000,0.6044087879
972.5000000000,0.6036245137
972.6000000000,0.6028602557
972.7000000000,0.6021156343
972.8000000000,0.6013903355
972.9000000000,0.6006841108
973.0000000000,0.5999967745
973.1000000000,0.5993282021
973.2000000000,0.5986783277
973.3000000000,0.5980471410
973.4000000000,0.5974346849
973.5000000000,0.5968410515
973.6000000000,0.5962663795
973.7000000000,0.5957108501
973.8000000000,0.5951746837
973.9000000000,0.5946581363
974.0000000000,0.5941614958
974.1000000000,0.5936850784
974.2000000000,0.5932292255
974.3000000000,0.5927942997
974.4000000000,0.5923806821
974.5000000000,0.5919887692
974.6000000000,0.5916189695
974.7000000000,0.5912717018
974.8000000000,0.5909473916
974.9000000000,0.5906464699
975.0000000000,0.5903693705
975.1000000000,0.5901165287
975.2000000000,0.5898883795
975.3000000000,0.5896853563
975.4000000000,0.5895078898
975.5000000000,0.5893564073
975.6000000000,0.5892313315
975.7000000000,0.5891330802
975.8000000000,0.5890620656
975.9000000000,0.5890186939
976.0000000000,0.5890033651
976.1000000000,0.5890164723
976.2000000000,0.5890584013
976.3000000000,0.5891295305
976.4000000000,0.5892302300
976.5000000000,0.5893608611
976.6000000000,0.5895217752
976.7000000000,0.5897133128
976.8000000000,0.5899358021
976.9000000000,0.5901895577
977.0000000000,0.5904748779
977.1000000000,0.5907920432
977.2000000000,0.5911413132
977.3000000000,0.5915229235
977.4000000000,0.5919370821
977.5000000000,0.5923839659
977.6000000000,0.5928637159
977.7000000000,0.5933764326
977.8000000000,0.5939221707
977.9000000000,0.5945009331
978.0000000000,0.5951126653
978.1000000000,0.5957572487
978.2000000000,0.5964344935
978.3000000000,0.5971441317
978.4000000000,0.5978858095
978.5000000000,0.5986590798
978.6000000000,0.5994633938
978.7000000000,0.6002980933
978.8000000000,0.6011624026
978.9000000000,0.6020554200
979.0000000000,0.6029761102
979.1000000000,0.6039232962
979.2000000000,0.6048956517
979.3000000000,0.6058916942
979.4000000000,0.6069097776
979.5000000000,0.6079480865
979.6000000000,0.6090046303
979.7000000000,0.6100772384
979.8000000000,0.6111635563
979.9000000000,0.6122610422
980.0000000000,0.6133669650
980.1000000000,0.6144784034
980.2000000000,0.6155922463
980.3000000000,0.6167051939
980.4000000000,0.6178137606
980.5000000000,0.6189142796
980.6000000000,0.6200029081
980.7000000000,0.6210756349
980.8000000000,0.6221282890
980.9000000000,0.6231565497
981.0000000000,0.6241559585
981.1000000000,0.6251219329
981.2000000000,0.6260497807
981.3000000000,0.6269347166
981.4000000000,0.6277718804
981.5000000000,0.6285563554
981.6000000000,0.6292831896
981.7000000000,0.6299474171
981.8000000000,0.6305440804
981.9000000000,0.6310682546
982.0000000000,0.6315150715
982.1000000000,0.6318797446
982.2000000000,0.6321575946
982.3000000000,0.6323440753
982.4000000000,0.6324347992
982.5000000000,0.6324255636
982.6000000000,0.6323123756
982.7000000000,0.6320914776
982.8000000000,0.6317593709
982.9000000000,0.6313128394
983.0000000000,0.6307489719
983.1000000000,0.6300651826
983.2000000000,0.6292592310
983.3000000000,0.6283292394
983.4000000000,0.6272737086
983.5000000000,0.6260915324
983.6000000000,0.6247820090
983.7000000000,0.6233448509
983.8000000000,0.6217801922
983.9000000000,0.6200885934
984.0000000000,0.6182710439
984.1000000000,0.6163289621
984.2000000000,0.6142641931
984.3000000000,0.6120790035
984.4000000000,0.6097760744
984.5000000000,0.6073584911
984.6000000000,0.6048297319
984.7000000000,0.6021936532
984.8000000000,0.5994544739
984.9000000000,0.5966167566
985.0000000000,0.5936853883
985.1000000000,0.5906655582
985.2000000000,0.5875627355
985.3000000000,0.5843826443
985.4000000000,0.5811312391
985.5000000000,0.5778146785
985.6000000000,0.5744392982
985.7000000000,0.5710115841
985.8000000000,0.5675381451
985.9000000000,0.5640256851
986.0000000000,0.5604809761
986.1000000000,0.5569108314
986.2000000000,0.5533220788
986.3000000000,0.5497215352
986.4000000000,0.5461159812
986.5000000000,0.5425121376
986.6000000000,0.5389166424
986.7000000000,0.5353360287
986.8000000000,0.5317767048
986.9000000000,0.5282449348
987.0000000000,0.5247468210
987.1000000000,0.5212882876
987.2000000000,0.5178750661
987.3000000000,0.5145126820
987.4000000000,0.5112064429
987.5000000000,0.5079614289
987.6000000000,0.5047824828
987.7000000000,0.5016742039
987.8000000000,0.4986409412
987.9000000000,0.4956867896
988.0000000000,0.4928155859
988.1000000000,0.4900309074
988.2000000000,0.4873360708
988.3000000000,0.4847341326
988.4000000000,0.4822278902
988.5000000000,0.4798198846
988.6000000000,0.4775124030
988.7000000000,0.4753074834
988.8000000000,0.4732069192
988.9000000000,0.4712122645
989.0000000000,0.4693248404
989.1000000000,0.4675457416
989.2000000000,0.4658758436
989.3000000000,0.4643158104
989.4000000000,0.4628661026
989.5000000000,0.4615269857
989.6000000000,0.4602985390
989.7000000000,0.4591806645
989.8000000000,0.4581730962
989.9000000000,0.4572754097
990.0000000000,0.4564870317
990.1000000000,0.4558072501
990.2000000000,0.4552352235
990.3000000000,0.4547699918
990.4000000000,0.4544104859
990.5000000000,0.4541555381
990.6000000000,0.4540038924
990.7000000000,0.4539542145
990.8000000000,0.4540051022
990.9000000000,0.4541550956
991.0000000000,0.4544026869
991.1000000000,0.4547463311
991.2000000000,0.4551844550
991.3000000000,0.4557154678
991.4000000000,0.4563377702
991.5000000000,0.4570497637
991.6000000000,0.4578498601
991.7000000000,0.4587364898
991.8000000000,0.4597081108
991.9000000000,0.4607632162
992.0000000000,0.4619003423
992.1000000000,0.4631180759
992.2000000000,0.4644150608
992.3000000000,0.4657900041
992.4000000000,0.4672416818
992.5000000000,0.4687689441
992.6000000000,0.4703707196
992.7000000000,0.4720460190
992.8000000000,0.4737939384
992.9000000000,0.4756136615
993.0000000000,0.4775044612
993.1000000000,0.4794657004
993.2000000000,0.4814968323
993.3000000000,0.4835973997
993.4000000000,0.4857670334
993.5000000000,0.4880054501
993.6000000000,0.4903124499
993.7000000000,0.4926879120
993.8000000000,0.4951317908
993.9000000000,0.4976441110
994.0000000000,0.5002249618
994.1000000000,0.5028744908
994.2000000000,0.5055928974
994.3000000000,0.5083804253
994.4000000000,0.5112373554
994.5000000000,0.5141639974
994.6000000000,0.5171606814
994.7000000000,0.5202277500
994.8000000000,0.5233655489
994.9000000000,0.5265744183
995.0000000000,0.5298546841
995.1000000000,0.5332066488
995.2000000000,0.5366305831
995.3000000000,0.5401267166
995.4000000000,0.5436952298
995.5000000000,0.5473362457
995.6000000000,0.5510498219
995.7000000000,0.5548359430
995.8000000000,0.5586945132
995.9000000000,0.5626253501
996.0000000000,0.5666281777
996.1000000000,0.5707026214
996.2000000000,0.5748482020
996.3000000000,0.5790643315
996.4000000000,0.5833503090
996.5000000000,0.5877053169
996.6000000000,0.5921284181
996.7000000000,0.5966185537
996.8000000000,0.6011745412
996.9000000000,0.6057950734
997.0000000000,0.6104787177
997.1000000000,0.6152239164
997.2000000000,0.6200289868
997.3000000000,0.6248921230
997.4000000000,0.6298113969
997.5000000000,0.6347847607
997.6000000000,0.6398100494
997.7000000000,0.6448849841
997.8000000000,0.6500071753
997.9000000000,0.6551741270
998.0000000000,0.6603832411
998.1000000000,0.6656318220
998.2000000000,0.6709170816
998.3000000000,0.6762361448
998.4000000000,0.6815860552
998.5000000000,0.6869637806
998.6000000000,0.6923662197
998.7000000000,0.6977902079
998.8000000000,0.7032325242
998.9000000000,0.7086898978
999.0000000000,0.7141590147
999.1000000000,0.7196365249
999.2000000000,0.7251190493
999.3000000000,0.7306031866
999.4000000000,0.7360855208
999.5000000000,0.7415626281
999.6000000000,0.7470310840
999.7000000000,0.7524874705
999.8000000000,0.7579283832
999.9000000000,0.7633504384
